45 35
000000000000000000001111000000000000000000000
000000000000000000011111000000000000000000000
000000000111110000011110001111000000000000000
000000011111111100011100111111100000000000000
000000111111111111001001111111110000000000000
000000111111100011101001100011110000000000000
000000011110000000110011000001100000000000000
000000000000000000011010000000000110000001100
000011100000000011101101110000001111000011110
001111110000001111111111111100001111000011110
001111110000011111111111111110001111100111110
011111100000011001111111111111001111100111110
011111000000111011111111111011001111100111100
011110001100111111111111111101100111100111100
011110011110111111111111111001100011100111000
001100011110111111111111110011100011100110011
001100111110011111111111100011000001101110111
000110111100011111111110000110000001101101111
000110111000001110000000011101110000101001111
000011011000111011100001111111111100101011111
000001010011111110011111111100111110010111110
000000110111111110001111011101111110111111000
000111110111111111000110111111111111110000000
011111001111111111000110111111111111011110000
111110111111111111000110111111111111100111100
111101111111111110001101111111111111111011110
111011101111110110001001101111111111111001110
111011011111101100011001101111111111111101111
011011001110011110010001100111111111111100111
000011000000111111000011110011111111110100111
000001100011110011000011110000111111000101111
000000111110000001101111111000000000001001111
000000000000000000101110011110000000011011110
000000000000000000011100000111110001110011110
000000000000000011110000000000111111000001100
